0.101152	9	8
0.0433284	11	11
0.0265194	8	9
0.0233865	2	9
0.0223468	2	14
0.0198116	3	0
0.0125951	1	5
0.0115755	6	0
0.0105315	11	9
0.0105315	8	11
0.00752221	2	35
0.00574962	4	1
0.00570178	1	40
0.00545841	8	14
0.00496368	19	0
0.00494788	1	34
0.00444716	7	36
0.00420964	17	10
0.00416417	7	0
0.00378444	20	0
0.00353037	26	0
0.00339043	28	0
0.00282003	8	35
0.00261036	0	41
0.00260744	22	0
0.00259539	23	1
0.00254648	30	13
0.00254133	4	4
0.00243008	21	0
0.00224209	23	2
0.00218759	12	2
0.0020066	1	0
0.00199044	2	12
0.00198937	21	10
0.00191079	25	10
0.00185888	4	2
0.00183199	4	24
0.00181645	4	23
0.00179613	4	5
0.00169549	31	13
0.00165619	1	31
0.00162305	16	0
0.00158953	16	31
0.00142238	6	10
0.00142089	1	21
0.0014168	5	4
0.00138662	17	0
0.00135771	30	25
0.00130602	5	0
0.00126847	24	4
0.00108165	3	27
0.000961878	44	12
0.000942724	16	30
0.000938526	34	13
0.000938173	20	10
0.000937852	13	43
0.000923904	1	30
0.000920795	35	0
0.000915242	31	33
0.000886365	7	49
0.000864152	17	12
0.000839519	12	1
0.000825981	17	32
0.000756631	1	17
0.00075173	3	10
0.000741881	13	10
0.000724906	1	10
0.000720323	4	12
0.000699692	13	45
0.000687692	23	5
0.000686774	12	4
0.000683701	0	4
0.000663309	6	27
0.000641796	19	10
0.00063586	25	43
0.00063293	27	41
0.000603246	34	31
0.000591994	12	14
0.000574234	16	12
0.000567324	22	10
0.000552999	34	25
0.000548838	25	45
0.000527818	6	34
0.000520625	1	47
0.000500512	14	41
0.000496186	33	10
0.00049058	10	4
0.000484534	44	9
0.00047561	15	4
0.000468631	3	39
0.000454094	7	10
0.000449034	3	46
0.000437664	1	4
0.000428832	3	4
0.000417765	21	27
0.000410875	5	10
0.000386263	38	0
0.000358606	18	41
0.000355691	25	32
0.000354904	1	12
0.000353263	22	4
0.000345586	4	6
0.000344215	29	45
0.000343575	20	27
0.000338325	34	33
0.000332014	38	30
0.000325166	3	48
0.000316416	26	10
0.00031523	17	30
0.000314316	29	43
0.000310146	38	31
0.000309186	23	25
0.000308597	5	27
0.000305896	21	32
0.000304462	6	32
0.000302732	28	10
0.000300792	40	30
0.000292522	6	39
0.000288702	37	43
0.000288432	4	15
0.000286613	12	9
0.000280432	4	3
0.000273767	7	27
0.000273238	43	36
0.000272721	49	10
0.000270769	4	38
0.00026139	20	39
0.000259549	39	41
0.000257978	21	48
0.000254598	30	17
0.000251221	37	45
0.00025085	46	41
0.000250008	34	29
0.000244415	20	46
0.000239762	5	13
0.000232472	12	24
0.000232079	34	37
0.00023187	33	43
0.000231652	47	4
0.000228771	5	46
0.000222009	19	39
0.000221736	30	33
0.000219873	7	39
0.000218792	25	0
0.000216309	10	12
0.000214746	44	14
0.000214532	13	32
0.000208914	31	25
0.000208512	36	10
0.000208266	20	48
0.000206989	12	23
0.000206692	23	38
0.000206325	40	31
0.000200233	43	49
0.000194754	17	31
0.00019182	6	46
0.00018739	23	6
0.000186595	26	27
0.000184712	44	4
0.000184551	28	4
0.000174503	40	45
0.000174118	40	13
0.00016916	16	37
0.000168346	19	27
0.000163368	1	32
0.000162776	23	9
0.000161624	4	47
0.000161264	4	18
0.000160022	40	0
0.000159075	19	46
0.000157459	13	41
0.000156434	16	33
0.000155589	35	27
0.000154638	7	46
0.000154015	23	42
0.000150664	18	4
0.000150649	32	4
0.000149647	33	7
0.000146463	12	13
0.000145465	7	48
0.000142292	23	13
0.000142131	21	46
0.000136286	26	48
0.000134199	3	34
0.000132297	22	27
0.000131242	35	32
0.000121996	3	32
0.000120774	21	39
0.000120474	19	48
0.000118927	12	5
0.000116218	6	23
0.000115976	30	12
0.000115131	26	39
0.000114768	17	4
0.000114184	20	32
0.000111567	16	27
0.000111528	14	4
0.000110748	2	4
0.000109692	38	5
0.000109671	22	32
0.000109286	12	35
0.000105655	5	16
0.000104895	12	25
0.000100634	16	25
0.000100632	5	25
9.96129e-05	6	48
9.75133e-05	30	18
9.63263e-05	45	36
9.36337e-05	40	43
9.2527e-05	16	13
9.16258e-05	7	32
9.07126e-05	35	10
8.88847e-05	49	45
8.84397e-05	5	39
8.82175e-05	28	46
8.57477e-05	23	28
8.53753e-05	26	46
8.39585e-05	4	19
8.28673e-05	5	31
7.98171e-05	30	7
7.85817e-05	16	29
7.55627e-05	4	37
7.46448e-05	4	26
7.34202e-05	4	44
7.32658e-05	48	41
7.01712e-05	5	30
6.4616e-05	5	48
6.39836e-05	49	43
6.37279e-05	23	11
6.23935e-05	33	32
6.21809e-05	21	4
6.18275e-05	30	2
6.12545e-05	47	12
5.68101e-05	24	47
5.6404e-05	28	32
5.30017e-05	41	15
5.14983e-05	17	46
5.12393e-05	17	27
5.08657e-05	26	4
5.02596e-05	19	32
4.9892e-05	4	21
4.95765e-05	31	45
4.8999e-05	5	32
4.81876e-05	36	32
4.7875e-05	4	42
4.78351e-05	43	7
4.78064e-05	12	38
4.75174e-05	45	33
4.66689e-05	38	6
4.66516e-05	49	33
4.62075e-05	40	25
4.53518e-05	28	27
4.53006e-05	22	46
4.48973e-05	22	48
4.47227e-05	22	39
4.42497e-05	24	12
4.3853e-05	26	32
4.34088e-05	40	29
4.29176e-05	40	16
4.24499e-05	33	45
4.22358e-05	49	32
4.18619e-05	23	26
4.1741e-05	40	27
4.13983e-05	16	48
4.09586e-05	4	20
4.01295e-05	38	40
3.98414e-05	5	33
3.95123e-05	24	34
3.93915e-05	18	12
3.79866e-05	13	12
3.77948e-05	8	12
3.67796e-05	23	47
3.61218e-05	45	49
3.54602e-05	35	46
3.52978e-05	16	49
3.51275e-05	5	45
3.50367e-05	34	45
3.44429e-05	30	45
3.3538e-05	23	29
3.26272e-05	32	12
3.1448e-05	43	10
3.13392e-05	34	30
3.09729e-05	17	39
3.08672e-05	4	28
3.04936e-05	24	45
2.99089e-05	23	44
2.95384e-05	26	34
2.94126e-05	4	22
2.82753e-05	16	39
2.81983e-05	47	10
2.7701e-05	28	39
2.70929e-05	48	7
2.66656e-05	36	12
2.63199e-05	38	27
2.60555e-05	28	41
2.39688e-05	28	34
2.3967e-05	23	37
2.34753e-05	45	10
2.08299e-05	47	43
2.08233e-05	4	29
1.91974e-05	20	34
1.88148e-05	1	45
1.87686e-05	34	49
1.7926e-05	20	12
1.78158e-05	38	46
1.77355e-05	49	7
1.74486e-05	30	21
1.73952e-05	25	16
1.71786e-05	37	44
1.70504e-05	44	31
1.70304e-05	43	17
1.60347e-05	40	21
1.56653e-05	12	47
1.50288e-05	48	17
1.42157e-05	40	33
1.41575e-05	23	19
1.38116e-05	5	37
1.34974e-05	47	48
1.34014e-05	38	39
1.28825e-05	10	41
1.27892e-05	13	0
1.21556e-05	7	4
1.19073e-05	33	46
1.11942e-05	38	10
1.11901e-05	38	4
1.07728e-05	49	39
1.07102e-05	30	20
1.05784e-05	43	32
1.00508e-05	37	32
9.84627e-06	20	30
9.8332e-06	40	37
9.58814e-06	21	34
9.43932e-06	28	16
9.11067e-06	29	41
8.94932e-06	40	46
8.33675e-06	12	32
8.27041e-06	40	17
7.93386e-06	48	12
7.75431e-06	40	39
7.25974e-06	35	48
7.11389e-06	40	22
7.07952e-06	40	28
6.84022e-06	44	30
6.59176e-06	16	46
6.32274e-06	35	39
6.30072e-06	37	10
5.55365e-06	38	48
5.01268e-06	47	32
4.86006e-06	36	4
4.854e-06	39	4
4.59182e-06	38	17
4.50655e-06	38	28
4.18508e-06	46	4
3.88853e-06	40	49
3.52182e-06	40	10
3.31539e-06	47	37
3.25595e-06	12	42
2.91372e-06	12	17
2.83387e-06	45	32
2.72301e-06	28	48
2.71597e-06	31	18
2.56712e-06	38	20
2.5464e-06	33	27
2.26153e-06	36	27
1.69259e-06	38	32
1.66411e-06	47	49
1.62931e-06	22	34
9.53169e-07	37	26
8.8081e-07	18	43
8.12346e-07	12	22
6.95292e-07	17	48
6.78493e-07	47	39
6.61237e-07	33	39
5.91659e-07	38	22
4.82007e-07	47	46
4.42571e-07	27	47
4.2005e-07	30	26
2.66495e-07	40	48
1.82975e-07	23	24
1.73242e-07	47	33
0	11	10
0	11	26
0	11	30
0	11	13
0	11	21
0	11	48
0	11	7
0	11	0
0	11	17
0	11	36
0	11	43
0	11	8
0	11	44
0	11	3
0	11	20
0	11	22
0	11	1
0	11	40
0	11	32
0	11	29
0	11	39
0	11	37
0	11	15
0	11	28
0	11	33
0	11	23
0	11	46
0	11	31
0	11	47
0	11	6
0	11	18
0	11	2
0	11	27
0	11	38
0	11	19
0	11	45
0	11	41
0	11	34
0	11	49
0	11	42
0	11	16
0	11	25
0	10	11
0	10	10
0	10	26
0	10	30
0	10	13
0	10	21
0	10	48
0	10	14
0	10	0
0	10	17
0	10	36
0	10	8
0	10	3
0	10	1
0	10	40
0	10	32
0	10	9
0	10	29
0	10	39
0	10	37
0	10	28
0	10	33
0	10	46
0	10	31
0	10	47
0	10	6
0	10	18
0	10	2
0	10	27
0	10	38
0	10	19
0	10	45
0	10	34
0	10	49
0	10	42
0	10	35
0	10	16
0	10	25
0	26	11
0	26	26
0	26	21
0	26	7
0	26	36
0	26	8
0	26	44
0	26	3
0	26	20
0	26	22
0	26	40
0	26	9
0	26	29
0	26	37
0	26	33
0	26	23
0	26	31
0	26	6
0	26	18
0	26	45
0	26	49
0	26	35
0	26	25
0	30	11
0	30	30
0	30	14
0	30	8
0	30	9
0	30	42
0	30	35
0	13	11
0	13	13
0	13	36
0	13	8
0	13	40
0	13	9
0	13	29
0	13	37
0	13	15
0	13	18
